1
1
0
0
0
0
0
0
2
0
0
0
0
0
0
1
0
0
0
0
5
0
2
8
2
8
16
12
10
12
7
10
8
12
9
2
4
1
2
0
0
0
0
0
0
0
0
1
0
0
0
6
0
0
0
0
0
0
0
0
0
0
0
0
0
0
0
0
0
0
1
2
1
4
7
7
18
15
21
22
39
47
38
32
70
27
33
45
28
18
6
1
2
1
1
0
3
0
0
0
0
1
0
0
1
3
0
1
1
0
5
3
2
0
0
0
0
0
3
5
1
2
3
4
16
7
18
20
23
64
47
61
72
42
39
49
26
21
14
10
11
7
4
15
4
5
4
4
0
3
1
0
0
4
1
1
0
1
1
1
2
1
1
1
2
0
0
0
0
0
1
0
0
1
1
0
0
1
2
0
2
7
5
4
6
14
34
37
29
36
53
72
54
40
32
18
15
25
10
5
2
5
1
1
1
3
1
1
0
0
2
0
0
0
0
2
0
1
0
2
1
0
1
0
0
1
0
0
3
0
0
0
1
2
2
12
4
19
12
21
18
19
13
9
4
3
2
3
1
1
1
0
0
1
16
0
1
2
0
2
1
0
0
5
17
2
0
0
1
2
6
6
8
23
37
48
45
33
50
54
46
37
46
30
63
14
11
11
3
1
0
6
2
0
0
0
0
0
0
0
0
0
0
0
0
1
14
0
0
0
0
0
0
1
0
0
0
0
1
0
0
0
0
0
0
0
1
0
0
1
2
3
5
13
51
116
96
101
108
53
57
45
21
9
6
5
4
2
1
0
0
0
0
0
0
0
0
0
1
0
0
1
1
0
0
1
0
0
0
0
0
0
0
0
0
0
0
0
0
0
2
0
0
1
4
9
6
6
9
10
21
27
15
21
17
16
13
8
7
6
3
2
7
3
1
1
2
0
2
0
1
0
0
0
0
1
0
0
1
0
0
0
0
0
0
3
1
3
1
5
5
13
28
19
54
59
81
53
68
68
43
40
30
35
38
22
12
7
6
5
3
1
3
1
1
1
0
0
1
1
0
0
0
0
0
1
0
0
1
0
0
0
0
0
0
4
2
0
2
2
6
4
8
16
20
26
26
29
30
28
14
12
9
1
4
1
2
0
0
2
1
2
1
1
0
0
2
0
0
3
1
1
1
0
0
1
2
1
1
0
1
1
0
1
2
0
0
1
4
6
4
4
14
25
51
139
131
158
147
157
160
127
64
55
28
15
19
2
3
5
1
2
3
2
3
3
3
1
2
0
1
0
2
1
1
1
2
0
0
5
0
2
3
1
2
0
0
1
2
4
4
11
6
8
6
5
4
13
8
13
16
24
27
82
104
86
97
72
53
30
22
9
13
7
6
5
1
3
2
0
2
1
1
1
1
3
0
0
2
2
0
4
2
4
1
0
5
0
2
19
13
5
9
22
45
112
111
108
150
542
727
841
606
607
512
203
135
113
63
28
27
18
16
6
2
4
6
7
3
5
6
5
3
0
0
2
1
1
0
1
1
0
4
3
1
1
2
0
0
4
2
6
1
3
4
4
3
1
5
12
18
14
15
15
31
39
44
60
64
78
77
56
105
92
97
52
50
54
47
29
14
23
19
20
23
29
25
21
18
22
9
16
19
22
35
23
34
18
12
17
7
10
9
4
7
2
5
6
2
5
10
29
23
38
63
76
90
91
132
107
134
119
130
113
114
106
77
67
33
13
17
20
22
19
19
16
7
3
29
7
5
21
11
5
8
12
13
19
14
31
21
22
13
15
20
17
24
19
27
38
41
74
118
125
254
354
439
391
433
435
388
385
287
250
139
109
72
32
24
17
15
7
2
13
11
2
4
7
2
5
1
8
13
17
15
13
18
17
10
16
15
21
27
10
8
5
4
3
1
4
7
10
5
9
7
5
10
29
36
68
45
81
104
99
128
159
116
140
125
125
73
82
53
42
47
32
25
14
32
17
31
8
13
21
23
25
26
19
31
26
16
33
21
21
17
16
21
19
17
8
9
16
19
19
14
14
19
23
51
91
125
184
188
217
277
268
320
271
217
187
150
110
72
58
29
28
24
25
26
8
6
12
15
7
14
3
20
24
18
18
24
22
30
20
22
20
20
29
34
21
25
39
40
25
41
42
41
62
71
62
80
144
129
128
157
157
203
171
246
179
165
159
182
164
110
85
64
43
25
14
35
12
11
17
