1906
2246
2545
2826
2509
2319
2426
2811
2061
2031
2194
1355
2406
2183
1896
1573
2669
2219
2242
2471
2153
2421
2659
2858
2867
2619
2518
2672
2665
2223
2413
2536
2124
2304
2116
1919
1841
1781
1810
1773
1571
1737
1451
1599
1402
1447
1321
1404
945
1232
1102
996
1345
1456
1442
1752
1833
1821
1615
1700
1502
1580
1328
1591
1395
943
982
1345
1238
1348
1328
1517
1574
1354
1785
1539
1422
1078
1290
1339
1611
1438
1442
1047
1104
1376
1634
1865
1250
1352
1305
1438
1187
1607
1460
1545
1311
3571
1608
1768
1354
1377
967
1096
732
537
675
701
800
764
730
766
881
842
785
882
405
336
443
932
558
560
585
955
955
1094
1003
868
967
859
961
947
788
1053
905
768
769
702
784
759
729
724
690
715
648
557
591
549
483
297
549
653
489
510
419
395
1196
1393
1352
1260
1198
1259
1061
1085
1063
1068
1076
831
988
1239
1316
1371
1361
1314
1676
1694
1215
1274
1584
1414
1223
1094
1399
1340
1326
1281
1107
1068
1181
1191
1094
1060
1027
1246
1034
1128
1021
1052
1143
942
1012
1100
1162
1126
1264
1075
979
728
920
1248
1333
1600
1369
1598
1591
1417
1254
1545
1292
1243
1186
1255
1207
1483
1185
1350
1470
1642
1493
1287
1601
1667
1525
1450
1603
1570
1603
1650
1857
1801
1598
1615
1763
1781
1670
1620
1769
1772
1869
1827
1918
1534
1750
1549
1510
1608
1458
1461
1432
1356
1307
2054
2073
2079
2324
3025
3094
3493
3137
3464
3038
3320
3291
3116
3676
3301
3381
3738
3760
3618
3653
3354
3099
3056
2807
2618
2114
2380
2038
2235
2158
2145
1959
2007
1682
1528
1493
1313
1605
1432
1335
1482
1348
1224
1303
1113
1281
1058
977
958
955
832
807
947
1069
1092
1005
1233
1278
1300
1283
1426
1502
1328
1432
1312
1211
1414
1187
1227
1532
1553
1498
1215
1316
1403
1312
1294
1329
1521
1492
1371
1322
1302
1303
1390
1193
1343
1411
1178
1395
1366
1271
1254
1270
1106
1148
1077
1070
1036
1086
951
809
832
771
1137
1139
1195
1114
1200
1283
1133
1204
1274
1245
951
1229
1054
1163
1196
1291
1160
1307
1161
1065
1166
1183
1106
1221
1270
1254
1462
1187
1156
1161
1212
1274
1093
1129
1017
1098
1091
1116
1046
1283
1097
1226
1125
1073
1173
1210
1376
1184
964
1146
966
937
1075
1044
1200
1196
1221
1140
1420
1503
1464
1363
1547
1534
1195
1525
1379
1563
1384
1556
1486
1511
1440
1339
1079
1233
1224
945
1115
1090
1016
776
780
755
638
825
632
671
558
659
535
643
615
651
614
646
580
683
557
503
643
583
472
401
643
912
844
844
766
834
902
737
871
858
1018
838
860
922
964
760
975
897
958
916
851
767
945
911
935
839
959
943
826
801
734
768
789
743
689
702
646
722
583
675
634
648
791
657
669
663
729
587
608
594
529
398
448
625
673
767
769
830
775
861
706
802
832
872
700
724
716
773
784
760
743
751
1012
1046
928
784
903
790
1083
1307
1252
1624
1283
1181
1364
1734
1674
1479
1317
1272
1324
1628
1436
1489
1571
1279
1431
1305
1386
1145
1296
1286
1258
1219
1099
1487
2105
2103
1853
2064
2242
2813
2087
2715
2419
2097
2166
2362
2858
2651
2353
2079
2226
2310
2349
1972
2033
2014
1837
1823
1680
1689
1740
1682
1840
1593
1426
1319
1183
1309
1223
1115
1112
1037
970
1097
1239
1222
1055
1132
1158
1098
1035
881
759
728
260
