23
23
12
14
12
10
7
13
9
13
9
14
9
14
34
31
15
10
24
26
21
37
52
52
53
88
110
151
255
460
682
742
630
559
324
315
343
267
225
330
331
317
297
632
280
432
416
294
73
44
27
31
64
35
47
34
29
23
37
30
18
19
17
26
37
30
39
46
59
85
93
137
151
133
316
231
251
317
352
254
1000
846
986
959
1192
1165
1319
1163
1139
1463
1260
1074
969
1077
719
616
520
444
239
141
61
36
9
720
81
81
74
61
64
54
65
104
70
66
34
68
72
47
70
97
95
79
124
144
180
214
226
230
278
331
509
656
550
466
558
749
804
936
1151
1220
1360
1623
1683
1895
1747
1734
1631
1377
1265
888
694
410
111
6
1
0
287
448
394
347
325
323
321
328
300
294
292
292
263
282
271
341
294
385
426
399
503
469
550
598
704
810
770
857
887
1031
801
1671
1536
1912
2260
2345
2644
2868
3125
3302
2902
2870
1918
1467
1178
882
580
379
105
2
0
0
194
261
260
207
172
208
173
238
247
170
121
127
139
194
226
202
190
243
335
463
605
1042
659
748
676
664
659
703
808
905
819
897
1090
1145
1367
1221
1078
1239
1261
1587
1770
1683
1676
1426
1378
1234
985
790
658
0
0
529
519
469
161
304
272
292
269
278
266
286
246
306
268
237
152
272
397
353
274
317
380
375
359
415
405
448
516
562
759
851
1108
1628
1786
1948
2493
2719
2413
2812
3169
3085
3127
3058
2827
2158
2008
1818
1868
1583
1469
1090
698
0
207
27
250
414
352
484
392
426
392
384
310
313
272
181
267
237
262
200
318
359
285
341
283
513
247
403
510
482
513
611
664
753
819
831
1045
981
1126
688
1006
839
881
994
977
963
1295
1051
825
877
606
659
419
231
180
36
28
99
53
65
54
75
78
72
64
85
63
81
120
46
8
163
69
120
69
127
120
108
99
167
115
158
147
172
233
211
246
316
376
481
428
641
681
681
864
1052
1059
1222
734
842
789
717
1246
652
366
215
208
16
63
253
217
248
1100
240
280
169
229
229
221
174
188
76
182
200
229
199
200
241
315
440
448
515
701
826
820
1483
765
1140
1364
1464
1733
2149
2147
2390
2714
2602
2178
2271
2134
2574
2578
1827
1980
1720
1262
1772
1403
726
355
55
67
277
403
313
321
303
324
311
324
381
287
188
336
326
306
347
333
363
566
601
683
567
641
1046
900
1199
1379
1482
1612
1699
1753
1942
2026
2062
2058
2996
2152
2389
2571
2941
2859
2480
2531
2876
2286
1769
2290
1780
1394
775
459
2
65
128
300
288
204
384
268
284
235
225
229
198
264
188
147
180
173
174
201
264
272
313
381
338
414
350
568
556
548
532
621
679
939
868
1090
1088
816
1355
1168
1375
1509
1625
1764
1103
2217
1258
1131
1148
825
565
244
148
18
137
201
231
149
226
188
83
224
158
151
189
145
156
244
236
261
198
241
278
307
384
379
395
449
493
466
516
566
567
661
564
321
511
1460
895
499
983
820
946
1024
860
1032
795
962
1135
1078
1022
1020
550
326
164
8
134
241
280
207
279
347
295
297
141
232
81
127
138
157
137
138
131
129
177
149
202
224
227
255
253
218
236
303
251
65
564
321
511
817
661
514
519
614
626
860
933
987
415
753
650
664
325
553
232
141
39
