17
10
15
15
13
19
5
16
14
11
3
12
6
4
8
8
12
11
7
13
7
9
14
10
11
21
13
12
13
17
24
11
22
20
10
11
7
27
18
14
14
11
9
14
11
15
19
9
8
13
22
18
11
22
24
15
26
16
23
33
30
29
47
38
29
30
15
39
33
37
40
42
65
40
40
36
77
55
126
69
79
78
90
76
100
64
63
86
83
55
52
51
51
35
32
35
37
32
41
26
41
35
26
17
20
23
23
19
20
18
12
27
19
12
32
17
25
41
40
33
41
45
64
58
80
56
51
60
63
54
91
105
113
115
136
83
154
147
456
144
159
139
129
124
141
121
110
101
95
99
96
96
72
87
115
68
104
97
86
89
64
89
89
100
62
93
86
65
98
65
55
76
38
81
96
127
189
258
165
165
131
144
128
78
75
62
63
64
83
93
51
79
61
78
67
75
67
74
98
100
94
90
60
67
95
83
71
53
81
87
57
81
70
63
62
56
67
58
36
43
42
38
99
83
90
139
119
93
129
149
135
154
163
163
191
220
222
221
311
258
281
332
276
314
263
325
302
244
270
314
260
258
192
263
316
300
305
329
290
243
317
298
217
272
282
198
317
237
156
158
103
100
138
125
118
139
118
137
151
160
163
139
212
259
318
389
361
362
408
353
338
307
414
493
546
690
697
714
541
472
387
359
331
222
179
140
145
124
88
116
85
84
83
62
46
72
42
75
55
75
60
60
37
44
39
39
40
32
38
52
43
76
81
76
84
85
86
94
104
103
100
70
78
82
73
77
59
56
58
54
55
52
47
42
37
46
40
45
41
41
45
56
45
49
61
68
48
55
56
35
58
49
61
71
45
88
62
89
127
99
129
111
180
210
259
227
293
401
349
381
432
377
363
322
311
246
242
542
162
211
203
196
187
175
157
124
145
117
108
127
139
145
132
128
97
122
116
120
105
131
110
68
104
111
88
72
74
67
86
77
97
105
88
118
108
146
132
145
175
166
157
134
160
130
127
122
150
154
133
162
150
139
117
129
141
138
179
160
174
135
153
153
134
152
155
183
224
190
199
242
144
126
116
124
137
124
114
88
74
83
79
86
94
104
107
79
95
85
114
122
81
104
99
107
77
59
73
63
64
83
68
74
78
54
44
55
59
55
74
54
73
80
75
76
72
45
64
62
73
73
68
94
80
75
132
97
111
52
93
86
81
80
70
41
73
61
68
62
52
66
61
74
74
88
94
117
136
105
155
121
123
129
132
148
123
147
121
178
182
169
169
147
152
133
102
117
92
81
98
87
82
94
87
87
102
64
68
36
60
71
55
66
70
72
65
72
88
76
59
101
67
109
121
129
105
146
123
141
185
210
215
227
263
218
154
131
130
134
119
105
115
79
60
87
74
63
66
69
59
82
82
68
66
65
62
74
66
61
52
85
87
65
50
55
46
64
73
48
55
82
77
64
88
97
80
80
81
101
90
129
152
138
132
125
110
94
127
115
92
102
76
74
72
101
104
124
105
84
104
101
88
100
80
78
105
94
112
134
208
220
267
296
322
247
297
249
273
309
308
317
406
492
510
539
546
562
610
671
746
816
810
842
807
678
542
394
306
290
258
378
343
386
455
341
377
406
441
440
374
495
459
402
447
366
373
347
382
372
413
437
480
402
336
236
274
370
197
188
210
225
210
225
240
247
235
282
251
261
292
434
458
461
506
555
676
891
822
748
637
484
547
443
421
371
340
366
402
346
340
280
301
215
186
169
160
149
164
212
178
200
188
161
257
230
243
261
212
172
100
172
190
111
91
131
91
107
140
113
120
135
158
110
180
152
194
209
241
242
272
263
294
251
226
221
251
228
247
221
304
214
257
235
235
224
249
266
198
254
287
261
356
333
372
459
549
628
636
630
