588
635
405
425
452
310
615
429
484
414
269
314
582
2295
1241
804
547
597
1544
851
644
640
462
528
546
515
418
444
369
359
412
342
341
549
465
518
485
507
495
619
658
576
627
640
540
647
600
573
215
666
365
449
429
427
545
412
391
294
399
332
349
189
431
503
566
608
618
604
597
688
621
542
632
429
525
553
391
706
397
465
573
481
813
583
812
729
472
242
276
317
459
463
504
596
729
693
707
873
637
665
633
886
596
858
589
535
309
1085
797
629
708
434
553
885
581
601
375
699
688
900
651
1611
1031
1036
835
1056
973
772
742
778
780
896
934
917
917
1040
1215
865
982
930
776
692
631
794
735
745
698
919
758
751
783
947
939
869
690
926
1005
963
1030
1066
997
1171
1121
1235
1037
1084
934
1152
1368
1656
1516
1642
1540
1447
1237
1328
922
753
1101
923
736
679
852
924
894
953
814
817
751
922
751
873
679
761
756
709
673
647
658
677
681
518
669
623
608
600
596
625
757
776
773
618
756
702
947
767
428
622
592
723
875
943
704
760
812
694
638
635
581
653
505
633
469
662
752
603
695
808
792
801
749
608
512
585
644
605
611
659
688
790
614
783
701
832
803
757
700
866
702
771
812
807
791
623
876
529
700
823
676
648
894
1190
978
1256
1143
1149
973
801
972
647
738
722
679
589
884
991
1058
809
708
831
857
714
789
746
985
834
732
693
782
745
688
752
674
783
710
560
664
805
726
782
693
776
857
737
797
714
701
506
584
621
516
409
536
720
845
1014
753
695
833
832
640
927
760
540
908
558
562
505
449
348
484
507
449
375
456
523
589
521
453
500
554
477
442
473
589
461
491
540
615
645
523
503
592
773
770
667
655
638
654
622
705
678
571
416
318
621
676
684
771
549
477
524
509
531
558
519
477
475
421
548
516
410
423
477
440
455
549
602
483
488
657
911
825
669
687
742
953
802
832
879
950
915
1004
1108
926
859
852
716
814
935
847
970
894
680
514
330
1061
844
849
951
1239
1192
1007
744
1065
1180
922
864
999
861
1358
1139
1129
1198
1356
1452
1252
1279
1485
1407
1333
1076
1027
868
834
1005
726
587
607
657
712
493
558
593
601
475
551
483
510
601
417
549
555
662
567
593
544
438
475
634
600
660
731
846
922
892
866
761
827
1026
1041
1040
740
543
552
697
618
826
951
934
1074
1143
976
1045
982
1022
940
848
848
947
749
812
817
975
842
887
1021
964
906
856
965
976
1125
1133
886
1056
1061
871
818
765
668
829
1084
1067
1132
1071
1026
1046
896
986
915
752
650
726
557
758
711
798
698
806
689
808
737
785
621
615
805
896
820
765
760
927
1033
939
797
987
981
841
798
906
932
915
1045
1152
1385
1508
1690
1593
1644
1659
1584
1421
1302
1256
1741
1591
1432
1900
1593
1627
2037
2120
1894
1826
1788
1690
1550
1478
1356
1653
1447
1544
1473
1763
1822
1352
1413
1583
1663
1254
1280
1440
1312
1564
1405
1392
1225
1107
998
1601
1185
1007
1082
1295
1324
1275
1209
1433
1620
1540
1468
1475
1217
1177
1042
1044
1313
1359
1607
1192
1393
1457
1518
1328
1500
1690
1440
1570
1791
1821
1352
1887
1504
1540
1694
1611
1640
1811
1484
1445
1659
1694
1468
1668
1717
1724
1726
1655
1424
